50 100 50 1000
43 10 336
19 34 625
11 36 300
36 24 4
4 39 546
43 36 973
37 39 967
37 31 531
8 18 843
5 9 86
28 48 115
32 28 81
18 37 699
40 27 695
11 50 185
45 47 610
28 38 167
39 44 848
23 4 311
33 2 712
7 8 150
15 3 100
30 23 329
13 23 730
29 3 927
48 46 329
13 5 994
19 41 465
2 25 825
34 12 923
6 31 569
13 16 550
46 36 995
17 35 647
18 47 154
29 19 335
27 46 432
15 12 704
16 30 232
22 47 18
50 15 362
35 36 620
8 24 506
21 36 570
21 36 503
47 12 409
38 33 452
7 40 272
42 18 552
29 26 500
27 13 398
44 9 766
46 32 993
37 12 699
5 2 671
50 5 865
11 22 278
11 7 689
21 35 253
15 14 823
18 14 90
46 11 512
10 16 17
33 16 743
9 43 181
43 7 43
47 22 194
45 7 606
1 6 637
18 25 661
12 21 37
16 1 440
23 6 188
13 2 251
39 29 519
36 43 183
32 35 477
32 30 54
14 23 85
15 46 176
20 49 330
30 46 70
24 44 538
9 1 217
30 23 16
36 39 141
5 4 825
41 30 31
45 16 762
34 21 37
31 17 1
21 18 563
29 21 341
10 39 55
16 34 803
24 39 24
25 38 240
45 16 484
40 41 901
9 45 232
15
31
22
38
35
40
34
12
45
33
37
41
21
18
18
30
42
24
26
31
41
29
21
41
31
23
9
15
44
33
43
16
29
16
33
43
12
21
27
9
12
21
32
33
5
49
23
3
43
35
