100 4147
1 4 4 7
1 5 11 5
1 6 8 5
1 7 7 6
1 8 20 5
1 9 4 3
1 10 6 5
1 11 2 0
1 12 1 0
1 13 18 4
1 15 5 5
1 17 24 5
1 18 3 7
1 19 24 7
1 20 14 3
1 21 11 3
1 22 13 2
1 23 6 7
1 24 4 2
1 26 17 2
1 27 3 6
1 28 8 4
1 30 4 7
1 31 5 4
1 33 14 7
1 36 2 3
1 37 7 4
1 38 7 6
1 39 13 6
1 41 3 5
1 42 1 1
1 43 3 4
1 44 4 2
1 45 3 2
1 46 8 2
1 47 17 4
1 48 12 2
1 49 3 3
1 50 7 7
1 51 10 4
1 52 5 7
1 53 8 4
1 54 1 2
1 55 7 5
1 56 6 1
1 57 7 0
1 58 2 0
1 59 1 3
1 60 1 7
1 61 5 0
1 62 8 5
1 63 4 3
1 64 8 2
1 65 14 6
1 66 6 2
1 67 14 3
1 68 3 6
1 69 3 4
1 70 1 6
1 71 5 5
1 72 20 4
1 74 5 0
1 75 1 4
1 76 6 3
1 77 1 6
1 78 11 4
1 80 4 0
1 81 3 2
1 82 5 0
1 83 12 4
1 84 7 4
1 85 11 6
1 86 7 1
1 87 16 5
1 88 3 3
1 89 1 7
1 90 5 0
1 91 18 2
1 92 9 5
1 93 7 5
1 94 6 4
1 95 1 5
1 97 8 0
1 98 13 3
1 99 3 4
1 100 2 3
2 3 4 1
4 2 1 2
5 2 1 5
6 2 4 6
7 2 3 7
8 2 9 6
9 2 7 3
10 2 5 4
2 12 11 4
13 2 5 5
2 15 8 3
16 2 12 7
2 17 2 5
2 18 10 1
2 19 10 0
20 2 6 3
2 22 1 1
24 2 7 4
25 2 2 7
26 2 10 7
2 27 26 2
28 2 3 1
2 29 2 2
2 30 10 1
2 31 2 4
2 32 7 3
2 33 2 4
34 2 17 1
35 2 5 3
2 36 9 4
2 38 8 5
2 39 8 7
40 2 5 4
2 41 13 2
2 42 6 7
43 2 12 7
2 44 10 1
45 2 12 5
2 46 8 3
47 2 3 4
2 48 2 5
49 2 3 7
50 2 6 6
53 2 16 3
54 2 9 4
55 2 5 6
2 56 2 5
57 2 11 3
58 2 17 3
2 60 4 7
62 2 9 3
2 63 10 0
2 64 4 5
2 65 9 7
67 2 6 7
68 2 7 0
69 2 2 4
71 2 13 6
2 72 9 7
2 73 11 6
74 2 8 1
2 75 10 3
76 2 6 5
77 2 24 0
78 2 10 3
2 79 2 4
2 80 13 0
82 2 2 1
84 2 7 0
2 85 11 5
2 87 10 7
88 2 6 7
90 2 28 5
2 91 9 6
92 2 4 2
93 2 5 5
95 2 6 6
2 96 22 2
2 97 8 1
98 2 4 5
99 2 8 2
2 100 9 0
4 3 15 4
5 3 4 5
6 3 7 0
7 3 7 4
9 3 1 4
10 3 6 5
11 3 2 0
3 12 12 0
13 3 13 7
3 14 22 1
3 15 9 7
16 3 3 3
3 17 1 5
18 3 17 2
19 3 9 2
20 3 5 6
3 21 11 5
3 22 13 4
3 23 5 7
3 24 15 4
25 3 3 0
26 3 1 7
27 3 16 0
30 3 7 1
31 3 9 5
32 3 5 4
34 3 2 0
36 3 13 5
37 3 5 4
38 3 2 7
3 41 8 7
42 3 12 2
43 3 11 2
44 3 2 4
3 45 4 3
3 46 7 1
48 3 6 6
3 49 2 1
50 3 9 0
51 3 5 6
3 52 6 6
3 54 6 2
3 56 4 1
3 58 2 5
3 59 6 5
61 3 10 1
64 3 7 6
66 3 6 1
3 67 8 1
68 3 12 0
69 3 18 3
70 3 5 2
71 3 17 0
3 72 3 1
73 3 6 3
74 3 4 1
3 75 15 1
3 76 5 2
77 3 1 3
78 3 1 4
3 79 7 7
3 80 7 2
3 81 8 6
82 3 9 0
3 84 4 5
86 3 7 3
3 88 12 3
3 90 3 5
3 92 3 6
93 3 6 1
94 3 3 2
95 3 4 7
3 96 2 3
97 3 4 2
98 3 14 1
3 99 8 3
3 100 21 3
5 4 2 4
6 4 8 3
4 7 8 7
8 4 10 1
4 9 24 4
4 10 8 5
11 4 6 5
4 12 4 1
4 13 9 6
4 14 8 1
4 15 7 7
16 4 9 7
17 4 16 4
18 4 7 0
4 19 9 6
4 21 9 2
4 22 13 3
4 23 5 3
25 4 4 4
4 26 3 3
28 4 9 6
29 4 9 7
4 30 1 3
31 4 7 4
33 4 15 1
34 4 1 7
35 4 4 1
37 4 2 0
38 4 15 7
39 4 13 6
4 40 18 4
4 41 7 4
4 42 3 7
4 44 5 7
4 45 14 3
47 4 23 7
48 4 3 6
4 49 7 6
51 4 5 1
4 52 12 5
53 4 2 5
4 54 8 6
4 55 9 4
56 4 7 4
57 4 4 2
58 4 11 6
59 4 10 3
4 60 7 3
4 61 9 1
4 62 3 7
4 63 18 3
4 65 5 2
67 4 15 4
4 68 8 2
69 4 24 0
71 4 10 5
4 72 12 7
4 73 7 6
4 74 4 7
76 4 5 4
80 4 22 5
4 81 2 2
4 82 10 5
83 4 9 6
84 4 3 4
87 4 5 1
88 4 19 0
89 4 10 7
4 90 6 4
4 91 18 7
92 4 5 5
94 4 10 6
95 4 6 2
97 4 16 4
4 98 2 5
99 4 2 6
4 100 1 2
7 5 1 3
8 5 15 1
9 5 1 3
5 10 3 6
5 11 17 7
12 5 6 3
5 13 3 7
5 14 3 5
15 5 15 4
16 5 5 3
17 5 15 4
5 18 17 6
20 5 11 1
5 21 5 5
22 5 6 3
23 5 18 3
24 5 9 1
5 25 10 5
26 5 13 1
5 27 9 5
28 5 2 2
5 30 9 0
32 5 2 2
5 33 12 1
5 34 11 5
36 5 5 4
5 37 8 0
38 5 12 2
39 5 4 3
40 5 4 2
5 41 10 6
5 43 12 4
44 5 4 2
5 45 7 2
46 5 4 3
5 48 5 7
5 49 8 3
5 51 3 0
53 5 9 4
54 5 9 7
55 5 10 7
57 5 10 0
5 59 13 4
60 5 3 6
63 5 1 2
5 64 18 1
65 5 9 5
5 66 4 5
67 5 8 5
5 69 7 5
5 70 14 1
5 71 7 5
5 72 14 5
5 73 11 2
74 5 5 3
75 5 8 4
76 5 8 6
77 5 2 6
5 78 15 2
5 79 12 2
80 5 2 0
5 81 9 5
83 5 4 0
5 85 2 7
86 5 21 3
87 5 2 1
5 88 7 7
90 5 9 2
91 5 5 7
92 5 8 1
5 93 3 3
94 5 3 6
95 5 19 0
5 96 4 0
98 5 5 4
5 100 11 2
7 6 10 3
6 9 1 2
11 6 1 6
6 12 8 7
6 13 7 7
6 14 5 1
15 6 17 2
6 17 2 4
20 6 4 5
6 21 3 1
23 6 1 7
6 24 16 0
6 25 7 2
26 6 8 1
6 27 9 3
6 28 15 1
6 29 18 2
30 6 4 0
6 31 8 7
6 32 18 6
6 33 8 0
6 34 8 2
35 6 5 3
6 36 7 6
6 37 3 7
6 38 5 6
39 6 3 4
6 40 9 2
6 41 11 1
42 6 2 2
6 43 9 1
6 44 6 0
45 6 1 5
6 46 1 3
47 6 5 6
6 49 8 1
6 50 2 5
6 51 10 1
52 6 9 2
53 6 13 3
6 54 14 3
56 6 21 1
6 57 9 5
58 6 9 5
59 6 1 3
6 60 8 0
61 6 4 0
6 62 17 1
6 63 10 2
64 6 4 0
6 65 7 1
66 6 8 3
67 6 9 0
6 68 18 4
6 70 8 2
72 6 1 5
74 6 5 6
75 6 9 3
77 6 29 2
6 78 4 2
6 80 2 7
81 6 2 5
82 6 7 6
83 6 1 3
85 6 4 5
86 6 8 7
6 87 4 7
6 88 11 7
6 89 5 0
90 6 7 7
91 6 1 3
93 6 14 5
6 94 7 3
95 6 9 3
96 6 20 1
97 6 4 3
6 98 17 5
99 6 16 4
6 100 10 5
7 8 7 4
9 7 8 5
7 10 1 0
11 7 7 7
7 12 1 4
13 7 5 6
7 14 12 1
7 15 1 7
7 16 4 6
7 17 7 5
7 18 6 3
7 19 4 7
7 20 5 4
7 21 6 3
7 22 11 7
7 24 12 0
7 25 4 6
7 26 4 1
7 27 8 1
28 7 6 4
30 7 4 0
7 32 27 0
7 34 14 1
7 35 8 6
37 7 6 6
38 7 3 1
7 40 13 3
7 41 11 0
44 7 3 6
45 7 9 2
46 7 1 4
47 7 5 7
7 48 28 0
49 7 7 5
50 7 13 0
51 7 6 7
7 52 19 3
7 53 14 6
54 7 9 3
7 55 6 1
7 56 13 7
7 57 7 7
7 59 16 7
60 7 2 2
61 7 13 0
7 62 12 0
7 63 5 0
64 7 3 5
7 65 15 0
66 7 12 6
67 7 7 2
68 7 9 4
7 70 2 5
72 7 5 0
7 74 1 2
75 7 1 6
7 76 1 4
7 78 6 0
79 7 4 4
81 7 7 0
7 82 1 5
7 83 17 1
7 84 9 2
7 85 5 1
86 7 8 5
87 7 14 7
7 89 17 4
90 7 8 7
91 7 11 2
92 7 10 7
95 7 9 3
96 7 4 0
97 7 6 5
98 7 8 2
7 99 1 3
7 100 7 6
8 9 1 7
10 8 4 7
12 8 19 2
13 8 3 0
14 8 10 3
15 8 9 6
17 8 4 5
8 18 4 0
8 19 5 3
8 20 5 5
21 8 16 5
8 23 9 6
8 24 5 2
8 25 2 6
26 8 4 2
8 27 9 0
8 28 19 1
29 8 23 2
8 30 19 0
31 8 7 6
8 32 8 6
8 33 17 6
8 34 1 0
8 35 14 2
36 8 18 1
8 37 10 1
38 8 4 4
39 8 3 7
40 8 11 4
8 41 2 7
43 8 7 6
44 8 11 0
8 45 5 5
46 8 13 6
8 47 7 1
48 8 2 3
8 49 3 7
50 8 11 2
8 52 1 6
54 8 18 5
8 56 20 5
59 8 5 0
60 8 12 1
61 8 9 2
8 62 4 0
8 63 6 4
64 8 3 0
8 65 5 4
8 66 19 2
8 67 1 3
8 68 9 5
8 69 11 2
8 70 1 4
8 71 1 2
72 8 9 1
8 74 22 5
75 8 16 2
8 76 2 3
8 77 7 4
79 8 10 0
8 80 5 1
81 8 7 4
8 82 4 3
83 8 8 7
8 84 21 0
8 85 14 6
86 8 5 1
87 8 20 7
88 8 3 1
8 89 9 0
90 8 6 3
8 91 7 6
8 92 10 1
93 8 9 6
94 8 1 1
97 8 23 3
98 8 12 3
99 8 12 5
8 100 1 3
9 10 13 4
11 9 6 0
9 12 3 0
9 13 13 7
14 9 9 0
9 16 16 2
9 17 1 2
18 9 7 2
9 19 4 7
20 9 9 6
21 9 11 2
9 22 3 5
24 9 2 6
25 9 3 5
26 9 4 1
9 27 26 4
31 9 6 6
33 9 2 6
34 9 1 0
9 35 8 2
36 9 6 7
37 9 6 7
38 9 5 6
9 40 6 0
9 41 5 0
9 42 10 5
9 43 4 4
44 9 8 6
9 45 10 7
46 9 4 4
9 48 7 2
51 9 9 5
52 9 8 1
9 53 15 2
55 9 1 3
56 9 5 0
58 9 7 1
9 60 11 6
61 9 9 5
62 9 13 5
9 63 1 4
64 9 9 5
65 9 5 0
9 66 10 6
67 9 9 3
69 9 3 2
70 9 17 0
71 9 15 3
72 9 4 1
9 73 6 4
74 9 9 7
75 9 13 5
9 76 1 6
77 9 8 6
9 78 10 5
9 79 4 7
9 80 1 3
9 81 5 7
9 83 5 7
84 9 12 6
86 9 10 7
87 9 14 1
88 9 13 4
90 9 6 5
91 9 3 0
93 9 19 4
9 94 13 3
95 9 2 4
9 97 4 2
9 99 1 0
9 100 13 5
10 11 14 2
10 12 10 2
10 13 20 2
10 14 7 5
10 17 3 1
10 18 6 4
19 10 14 3
10 20 8 2
21 10 1 2
10 22 23 2
10 23 8 0
24 10 1 6
25 10 16 5
26 10 1 2
28 10 7 3
29 10 5 3
10 30 10 4
10 31 16 6
10 32 8 2
10 33 5 7
10 34 3 1
10 36 8 1
10 37 3 1
10 38 9 6
10 40 1 1
42 10 4 2
10 44 1 7
10 46 10 7
10 49 7 5
50 10 16 5
51 10 3 0
52 10 6 4
10 53 8 5
10 55 11 3
56 10 1 3
10 57 4 5
10 58 24 7
10 59 8 4
10 60 5 3
10 62 3 7
63 10 3 0
64 10 8 6
65 10 2 7
67 10 5 4
68 10 5 0
10 69 5 0
70 10 7 4
10 71 3 7
10 72 2 4
10 73 6 6
10 74 2 4
75 10 8 6
76 10 4 1
77 10 2 6
10 78 2 1
10 80 24 0
10 82 6 1
85 10 2 1
10 86 16 5
10 87 11 0
88 10 21 4
10 90 4 0
10 91 8 1
93 10 2 6
94 10 19 6
96 10 4 6
97 10 3 1
10 98 3 4
10 99 2 6
10 100 14 3
12 11 19 0
11 13 5 1
14 11 7 1
16 11 5 0
11 17 2 4
11 18 14 6
19 11 6 1
11 20 2 3
22 11 7 2
11 23 8 5
11 24 6 6
11 27 4 0
11 28 9 7
11 29 17 4
11 30 9 2
11 31 9 0
32 11 1 7
11 33 11 1
34 11 2 2
11 35 11 1
11 36 1 1
37 11 20 2
11 38 3 6
11 39 10 5
40 11 3 3
41 11 20 2
11 43 5 0
11 44 2 4
11 45 2 2
11 46 1 1
11 47 10 0
48 11 2 6
49 11 10 4
52 11 9 4
53 11 14 0
54 11 19 1
55 11 12 7
56 11 14 2
58 11 4 5
11 59 10 1
11 60 12 6
61 11 3 0
11 62 11 4
11 63 2 3
64 11 7 0
11 65 9 7
66 11 8 4
68 11 10 6
11 69 1 6
11 70 8 4
71 11 8 7
11 72 12 4
11 74 10 7
75 11 11 5
11 76 11 3
78 11 5 5
11 79 2 7
11 80 2 4
11 81 6 0
82 11 2 0
84 11 8 4
11 85 17 3
11 86 2 7
87 11 2 3
89 11 14 3
90 11 18 7
11 91 19 0
92 11 5 3
11 94 1 1
11 95 5 3
96 11 14 3
97 11 20 7
11 98 10 4
11 100 4 6
12 13 3 5
14 12 9 3
12 15 6 0
12 16 21 3
18 12 10 1
12 19 5 0
12 20 5 3
12 21 5 5
22 12 2 2
25 12 2 4
26 12 6 5
27 12 1 7
28 12 3 7
12 29 7 7
12 30 15 3
31 12 17 4
32 12 5 4
12 33 12 2
12 34 6 7
12 35 1 6
12 36 3 3
37 12 10 6
12 38 4 4
39 12 3 7
44 12 9 4
45 12 4 3
12 46 6 1
12 47 12 0
48 12 18 4
49 12 12 2
12 50 8 1
51 12 9 7
12 52 5 3
53 12 15 2
12 54 13 6
12 55 10 7
56 12 7 5
12 57 9 6
12 58 8 5
12 59 2 3
12 60 11 0
12 61 11 7
12 62 14 7
63 12 13 4
65 12 4 1
66 12 6 1
12 67 11 1
12 68 7 1
12 69 3 2
12 70 2 5
71 12 14 5
72 12 6 7
73 12 6 2
12 74 2 2
12 75 9 2
76 12 3 7
12 77 4 1
12 78 15 7
80 12 5 0
81 12 7 4
82 12 6 3
83 12 8 2
84 12 5 5
12 85 8 7
86 12 8 0
12 88 25 0
12 89 5 0
90 12 6 2
91 12 4 5
12 92 2 1
12 93 8 1
94 12 8 6
12 95 9 0
96 12 6 4
12 97 3 7
12 98 21 4
12 99 1 2
12 100 2 5
15 13 14 6
13 16 7 0
17 13 11 4
13 18 5 4
19 13 9 1
13 20 6 0
21 13 8 0
22 13 5 7
23 13 4 6
24 13 9 5
13 25 9 6
13 26 6 1
13 27 4 6
28 13 4 1
29 13 7 7
13 30 7 7
31 13 9 6
13 32 7 5
33 13 8 0
13 35 21 2
13 36 1 7
13 37 13 3
38 13 1 4
13 39 7 6
40 13 2 2
13 41 4 1
13 42 6 7
43 13 3 2
13 46 5 4
48 13 2 0
13 49 2 1
50 13 12 0
13 51 7 2
52 13 2 2
13 53 4 5
13 54 20 6
55 13 11 6
13 56 5 3
13 57 7 0
13 58 7 3
13 60 3 6
61 13 5 2
62 13 2 4
63 13 3 4
64 13 7 7
65 13 13 1
66 13 5 2
68 13 3 1
69 13 9 7
70 13 4 5
13 71 5 6
13 72 5 6
13 73 10 5
13 75 11 4
13 76 2 4
13 77 19 3
13 78 16 7
79 13 12 3
13 80 2 5
13 81 4 2
82 13 1 2
13 83 10 5
13 84 16 7
13 85 8 7
13 86 8 6
88 13 12 3
13 89 4 1
13 90 7 0
91 13 1 5
13 92 9 2
13 93 9 5
13 94 11 7
95 13 3 2
96 13 14 2
13 97 7 6
13 98 2 3
13 99 1 1
13 100 12 3
14 15 7 4
16 14 6 6
14 18 2 7
19 14 9 1
20 14 25 1
21 14 6 3
22 14 10 4
23 14 7 5
24 14 7 6
14 25 5 1
14 26 11 7
27 14 14 7
28 14 8 3
14 30 5 4
14 31 12 2
32 14 6 7
14 33 9 4
34 14 1 3
35 14 4 7
14 36 4 0
37 14 8 2
39 14 28 4
14 41 1 0
42 14 13 6
14 43 5 7
44 14 8 2
14 46 2 2
47 14 10 4
48 14 10 7
49 14 1 5
14 50 8 6
14 51 3 5
14 52 10 5
14 53 1 1
54 14 4 7
14 55 5 4
14 57 9 7
14 58 13 6
14 59 10 5
60 14 2 2
61 14 33 4
62 14 9 6
14 63 11 3
64 14 15 3
65 14 5 3
68 14 4 7
69 14 9 7
14 70 9 5
71 14 2 3
14 72 18 4
73 14 1 3
14 74 3 4
14 75 16 5
76 14 7 2
77 14 6 2
78 14 6 5
14 79 6 4
80 14 12 1
14 81 6 5
82 14 8 2
84 14 4 1
14 85 2 6
14 86 10 3
14 87 7 0
88 14 9 0
89 14 16 2
14 90 7 0
91 14 2 2
92 14 7 4
14 93 17 4
14 94 14 3
14 95 1 2
14 96 1 0
97 14 9 7
98 14 4 6
14 99 13 2
14 100 7 2
15 16 13 2
17 15 6 1
18 15 6 2
19 15 10 4
20 15 3 4
15 21 1 5
22 15 3 2
15 23 23 0
15 24 1 0
25 15 19 2
26 15 3 2
15 28 2 7
15 29 10 5
15 30 1 5
31 15 10 1
15 32 3 3
15 33 13 5
34 15 16 7
15 35 1 3
37 15 7 4
38 15 3 3
39 15 4 3
15 40 5 5
15 41 2 7
15 42 7 0
15 43 4 2
15 44 2 7
15 45 14 1
46 15 2 0
15 47 14 1
48 15 8 4
15 49 2 6
50 15 11 4
15 51 1 5
52 15 20 7
15 53 6 0
54 15 7 1
55 15 5 2
56 15 8 1
15 57 6 4
15 59 4 4
61 15 1 3
63 15 14 4
15 65 2 3
67 15 8 5
15 68 1 5
69 15 9 2
71 15 3 2
74 15 6 3
77 15 3 0
78 15 5 1
79 15 7 6
80 15 8 6
81 15 7 6
82 15 5 7
15 83 4 2
84 15 1 2
15 85 13 1
15 86 2 2
15 87 8 2
89 15 10 7
15 91 8 6
93 15 37 6
15 95 15 3
15 96 17 6
97 15 16 0
98 15 8 4
15 99 3 2
15 100 7 1
16 17 6 2
18 16 34 1
19 16 10 2
16 20 16 1
22 16 1 5
16 23 29 1
24 16 19 2
25 16 2 0
16 26 9 0
16 29 8 1
31 16 4 3
32 16 2 6
34 16 3 7
35 16 10 4
16 36 8 2
37 16 17 1
38 16 12 4
16 40 8 0
16 42 13 5
16 43 8 5
16 44 7 5
16 45 8 2
46 16 4 2
47 16 4 3
16 48 3 5
49 16 19 7
50 16 1 0
51 16 2 2
16 52 5 5
53 16 2 4
54 16 4 5
57 16 13 1
58 16 4 4
59 16 3 6
16 60 14 0
61 16 3 0
16 64 5 7
65 16 8 2
16 66 1 2
67 16 4 1
68 16 23 4
16 69 8 1
70 16 4 7
71 16 6 5
16 72 25 3
73 16 2 0
74 16 3 7
16 75 5 3
16 76 1 2
77 16 2 1
78 16 9 6
79 16 1 4
16 80 3 5
81 16 2 1
82 16 12 3
83 16 12 3
84 16 7 5
85 16 1 4
16 86 2 7
87 16 1 1
16 88 1 7
89 16 1 4
16 90 13 0
91 16 1 5
16 92 10 3
93 16 3 5
94 16 7 1
16 95 2 5
96 16 9 2
97 16 2 3
98 16 5 2
16 99 6 7
16 100 12 5
18 17 4 3
19 17 4 4
20 17 8 7
21 17 29 7
22 17 3 6
17 23 6 2
24 17 1 6
27 17 7 6
28 17 15 4
17 29 2 3
30 17 17 1
31 17 6 7
17 32 7 6
33 17 10 7
34 17 5 4
17 35 1 4
36 17 7 6
17 39 5 0
17 40 3 7
17 41 7 3
43 17 3 4
17 45 2 4
46 17 12 1
17 48 4 0
49 17 2 0
50 17 5 2
17 51 6 4
52 17 12 4
17 53 8 5
54 17 3 0
17 55 2 5
56 17 18 6
17 57 5 4
58 17 15 0
17 59 22 3
61 17 14 7
17 62 11 7
63 17 3 3
17 64 7 6
17 65 23 1
17 66 3 1
17 68 5 0
17 70 7 0
71 17 5 7
17 72 8 5
17 73 10 0
74 17 7 2
17 75 2 0
17 76 5 5
17 77 7 4
17 79 21 0
80 17 7 3
81 17 3 0
17 82 9 7
83 17 11 7
17 84 7 1
85 17 7 7
17 87 9 5
17 88 7 2
17 89 6 4
90 17 14 4
91 17 17 5
92 17 9 3
17 93 12 1
94 17 8 3
17 95 8 0
17 96 4 7
17 97 3 7
17 98 25 4
99 17 7 4
17 100 8 5
19 18 9 2
20 18 4 5
21 18 7 6
23 18 8 5
24 18 4 5
25 18 7 2
26 18 2 1
27 18 6 3
28 18 27 1
18 29 17 1
18 30 9 5
34 18 9 7
38 18 3 0
18 39 3 0
41 18 1 4
43 18 10 4
18 44 13 2
18 45 20 7
46 18 1 6
18 47 6 2
18 48 2 1
18 49 18 3
18 50 9 5
51 18 6 2
18 52 7 3
53 18 9 5
18 54 2 0
55 18 11 5
18 56 4 4
57 18 10 5
58 18 10 1
18 59 17 1
18 60 5 4
18 61 1 6
18 62 9 3
18 63 8 6
18 64 6 2
18 65 3 6
67 18 5 1
18 68 7 5
69 18 13 7
70 18 1 4
71 18 3 2
18 72 15 2
18 73 1 0
18 74 8 0
75 18 27 6
76 18 4 3
18 77 9 4
18 78 5 7
79 18 1 5
18 81 12 4
82 18 6 6
18 83 2 4
84 18 14 3
18 85 7 6
86 18 3 7
87 18 9 4
18 88 11 1
18 89 9 0
90 18 1 6
91 18 5 3
92 18 1 4
93 18 8 5
94 18 4 7
18 95 5 3
96 18 7 3
98 18 6 4
18 100 8 5
19 20 12 2
22 19 6 2
19 23 8 2
19 24 3 4
25 19 4 0
19 26 3 1
27 19 13 7
28 19 1 7
19 29 1 4
32 19 9 6
19 33 6 6
34 19 4 7
35 19 7 3
38 19 7 0
19 39 13 0
41 19 3 5
44 19 1 5
45 19 4 4
46 19 4 6
47 19 34 7
19 48 14 1
19 49 11 1
19 50 14 7
19 51 6 0
52 19 5 1
19 53 7 1
54 19 1 4
55 19 3 4
56 19 2 4
58 19 16 0
19 59 5 4
60 19 8 4
19 61 2 6
19 62 8 4
19 63 16 2
19 64 9 1
67 19 18 2
68 19 6 5
69 19 2 0
70 19 6 1
71 19 11 2
73 19 1 4
75 19 2 7
19 76 2 2
19 77 18 1
19 78 2 0
19 81 5 7
19 82 5 0
19 83 22 5
84 19 2 5
19 85 10 4
19 86 3 7
87 19 8 7
19 88 7 2
19 89 9 3
19 90 2 0
19 91 10 0
19 92 7 1
19 93 18 2
97 19 4 2
19 100 5 4
21 20 9 0
24 20 8 5
20 25 6 5
20 26 7 2
20 27 4 4
20 28 9 5
29 20 6 6
30 20 6 7
20 31 10 5
20 32 3 2
20 33 1 6
34 20 10 5
20 35 15 3
36 20 10 2
20 37 1 1
20 39 12 5
40 20 1 7
42 20 21 3
43 20 8 7
44 20 5 5
45 20 12 7
20 47 3 4
48 20 5 4
20 51 12 7
52 20 8 1
53 20 7 3
54 20 6 2
57 20 7 3
58 20 5 2
59 20 13 0
60 20 9 1
20 61 10 0
62 20 13 7
64 20 5 3
20 66 13 2
20 67 28 5
68 20 1 4
20 69 10 2
20 70 1 6
71 20 15 3
20 72 6 2
73 20 7 7
20 74 6 1
20 75 10 4
76 20 17 6
20 77 1 6
79 20 8 6
20 80 20 4
81 20 2 4
82 20 22 6
83 20 4 4
84 20 1 2
86 20 7 6
20 87 7 5
88 20 6 2
89 20 6 3
20 90 14 0
91 20 9 6
20 92 13 3
93 20 2 1
20 94 7 5
95 20 6 1
20 96 4 2
20 97 11 4
99 20 3 3
20 100 10 0
22 21 9 0
21 23 10 6
24 21 6 3
25 21 1 1
26 21 4 7
21 28 9 3
29 21 13 5
30 21 6 3
31 21 9 4
21 33 6 0
21 34 17 7
21 36 2 6
21 37 2 1
38 21 6 2
21 39 4 5
21 40 4 2
21 42 11 1
43 21 11 5
21 44 7 0
45 21 14 6
21 46 4 7
47 21 32 5
21 48 8 7
51 21 9 4
52 21 5 5
55 21 2 7
56 21 10 6
57 21 5 6
21 60 10 3
61 21 1 1
21 63 9 6
21 64 4 6
21 66 1 1
21 67 10 6
68 21 8 7
71 21 26 7
21 72 9 4
73 21 14 3
74 21 13 6
75 21 2 7
21 76 6 0
78 21 3 3
79 21 5 7
21 80 22 1
21 81 2 6
82 21 6 7
21 83 3 1
84 21 9 0
85 21 8 0
86 21 4 4
21 87 2 7
88 21 10 3
21 89 4 2
90 21 1 0
91 21 7 5
21 92 4 4
93 21 8 0
21 94 13 0
21 95 15 3
96 21 23 3
97 21 2 3
21 98 4 6
21 99 8 1
21 100 18 4
23 22 19 0
24 22 7 4
22 25 12 3
26 22 7 7
22 29 12 7
22 31 2 5
33 22 1 6
22 35 15 1
36 22 13 6
37 22 11 5
38 22 1 4
22 39 4 4
22 40 2 1
22 41 2 4
42 22 3 3
43 22 7 0
44 22 2 6
22 45 5 7
22 46 13 1
47 22 9 6
48 22 17 5
22 49 4 4
50 22 19 4
52 22 13 0
22 53 2 0
55 22 9 1
22 56 4 2
22 57 3 0
58 22 7 0
59 22 1 1
60 22 14 5
61 22 8 3
22 62 10 2
22 63 6 1
22 64 10 1
65 22 10 4
22 66 5 1
67 22 8 4
22 68 4 3
22 69 7 4
22 70 6 0
72 22 1 7
22 73 17 4
22 75 9 3
22 76 5 7
22 78 16 0
22 79 8 0
22 81 18 6
82 22 12 2
83 22 5 2
22 84 6 0
22 85 6 3
87 22 2 7
22 88 11 4
89 22 12 0
91 22 1 1
92 22 2 7
22 93 9 1
22 94 19 5
95 22 3 2
96 22 3 1
22 97 1 0
98 22 7 0
22 100 2 0
23 25 7 6
26 23 2 0
28 23 9 2
23 29 2 6
23 33 8 7
23 34 2 6
35 23 9 5
36 23 2 4
38 23 16 3
23 40 6 0
23 41 11 2
23 42 4 4
23 43 9 5
23 44 3 5
23 45 6 2
23 46 2 5
23 47 7 2
23 49 15 1
52 23 16 7
53 23 7 7
54 23 5 4
55 23 4 6
23 57 4 1
23 58 11 3
23 60 16 3
23 61 7 7
62 23 1 5
63 23 9 5
64 23 21 1
65 23 7 3
23 66 8 5
23 67 11 6
23 68 9 1
69 23 3 0
73 23 15 7
23 74 5 7
75 23 2 0
76 23 1 6
23 77 3 2
78 23 8 0
79 23 3 3
23 80 7 1
82 23 14 2
23 83 6 5
85 23 1 3
23 86 17 5
23 87 2 5
88 23 1 3
90 23 4 3
23 91 10 0
23 92 12 3
93 23 2 1
96 23 9 7
97 23 6 3
98 23 19 3
23 99 2 0
23 100 2 6
24 25 8 5
26 24 10 4
24 28 19 7
29 24 6 7
24 31 28 1
32 24 4 2
33 24 10 0
24 35 2 1
36 24 3 2
37 24 18 0
38 24 3 7
24 39 2 7
24 40 14 7
41 24 15 1
24 42 10 7
43 24 6 0
24 44 8 4
24 45 8 6
24 46 6 0
47 24 18 2
48 24 8 5
49 24 14 0
50 24 6 2
24 51 3 3
52 24 4 3
24 54 1 3
55 24 9 4
56 24 4 0
58 24 4 2
24 59 4 5
61 24 6 5
62 24 3 7
24 63 4 5
64 24 11 0
24 65 8 7
24 67 2 4
24 69 10 5
70 24 12 3
71 24 9 7
24 72 8 3
73 24 4 5
75 24 6 6
24 76 17 4
24 77 2 7
78 24 13 4
24 79 6 2
80 24 12 5
24 82 9 0
83 24 6 4
24 84 4 2
24 86 8 4
24 89 5 6
24 90 6 3
24 91 4 0
92 24 2 0
24 94 11 6
95 24 7 0
96 24 5 6
24 97 3 5
24 98 6 2
99 24 15 0
24 100 18 5
25 28 6 4
25 29 8 3
25 30 2 3
32 25 6 1
25 33 8 5
34 25 5 3
35 25 14 7
25 37 7 3
38 25 4 7
39 25 4 7
25 41 3 6
42 25 4 1
25 43 9 6
44 25 12 1
25 45 1 5
25 46 2 1
25 47 4 2
49 25 8 3
25 50 2 1
25 51 12 3
52 25 13 0
53 25 16 5
54 25 2 6
25 55 2 6
56 25 12 1
25 57 4 5
25 58 15 7
25 59 10 2
25 62 4 7
63 25 6 2
64 25 10 0
66 25 19 2
25 68 17 4
69 25 7 0
70 25 2 1
25 71 3 1
72 25 2 3
25 73 2 6
75 25 13 2
78 25 10 0
25 79 8 1
80 25 1 2
25 82 15 7
83 25 10 2
84 25 17 0
85 25 10 2
86 25 5 3
25 87 15 5
88 25 5 4
89 25 6 0
25 90 5 7
91 25 2 7
25 92 10 6
93 25 7 0
94 25 6 7
95 25 5 2
96 25 14 3
98 25 5 6
99 25 4 7
25 100 6 1
26 27 15 1
28 26 2 1
29 26 9 0
30 26 10 1
26 31 2 5
26 33 13 5
26 34 10 3
26 35 7 7
36 26 5 3
37 26 20 7
26 38 9 0
26 39 9 6
26 41 4 0
26 43 22 6
44 26 5 2
45 26 4 6
26 46 12 5
26 47 5 4
26 48 9 3
26 50 10 0
51 26 7 5
52 26 2 7
26 53 5 0
26 54 11 3
56 26 7 1
26 58 10 6
26 59 10 6
26 61 2 5
63 26 15 7
65 26 10 3
68 26 7 1
69 26 5 7
70 26 10 2
26 71 8 2
26 72 8 4
73 26 9 1
75 26 2 7
26 76 11 0
77 26 16 5
78 26 24 7
79 26 15 3
80 26 20 7
26 81 16 6
26 83 4 2
84 26 4 1
26 85 16 1
26 86 6 3
87 26 22 5
88 26 18 2
89 26 7 5
26 90 2 2
26 91 9 2
92 26 1 0
26 94 2 5
95 26 8 3
96 26 3 7
97 26 3 0
98 26 6 3
99 26 32 2
26 100 9 0
28 27 3 7
27 29 3 6
30 27 9 4
27 31 4 0
27 33 6 1
35 27 2 4
27 36 1 5
27 37 5 6
38 27 6 0
39 27 5 2
27 40 7 7
41 27 3 2
47 27 4 3
27 48 17 7
49 27 7 6
27 50 3 7
52 27 10 4
53 27 1 0
27 54 6 6
55 27 4 7
27 56 1 5
27 57 3 6
27 58 5 7
27 59 2 2
27 60 6 1
61 27 5 7
62 27 12 7
27 63 13 7
64 27 8 3
65 27 9 1
66 27 2 5
27 67 3 1
68 27 7 6
69 27 7 5
70 27 2 1
71 27 31 7
73 27 7 7
74 27 12 0
27 75 14 7
27 76 6 1
77 27 11 2
78 27 16 7
27 79 2 0
27 80 18 6
81 27 8 3
27 82 10 3
83 27 10 0
84 27 9 1
27 86 5 0
87 27 1 2
27 88 6 5
27 89 3 1
91 27 11 0
92 27 3 6
27 93 4 5
94 27 10 4
27 95 23 0
96 27 12 4
27 97 2 2
98 27 9 7
27 99 1 5
27 100 5 7
28 29 9 3
30 28 12 4
28 31 24 1
28 32 2 3
28 33 4 7
35 28 7 0
28 36 7 4
37 28 6 3
38 28 10 7
39 28 2 7
40 28 8 7
41 28 2 2
28 42 21 2
43 28 6 1
44 28 13 5
28 45 9 4
46 28 9 2
47 28 8 1
48 28 6 2
28 49 1 0
28 50 13 4
51 28 4 4
52 28 1 6
28 53 1 6
54 28 8 6
55 28 4 6
56 28 4 3
28 57 7 4
59 28 4 3
60 28 31 1
61 28 8 1
28 62 3 2
28 63 5 3
28 65 8 6
28 66 15 4
70 28 8 5
71 28 5 4
72 28 11 4
28 73 8 3
76 28 10 6
79 28 7 1
80 28 3 5
81 28 13 7
28 82 3 4
28 83 9 7
85 28 12 7
86 28 1 1
87 28 8 7
28 88 10 3
28 89 25 1
90 28 8 2
28 91 3 1
28 92 2 1
28 93 1 5
95 28 17 1
28 96 21 6
97 28 12 3
28 98 9 5
28 100 7 1
30 29 16 2
29 33 10 6
34 29 25 5
35 29 14 7
29 36 23 6
37 29 2 4
29 38 16 1
29 39 20 2
40 29 10 5
29 41 9 3
29 42 16 0
29 43 6 0
45 29 4 5
29 46 13 6
47 29 10 3
29 48 10 5
49 29 9 7
50 29 9 1
29 51 6 2
29 52 6 5
29 53 1 7
29 54 11 5
29 55 6 0
56 29 7 1
57 29 2 3
58 29 7 3
59 29 1 2
60 29 1 7
29 62 4 0
29 64 7 3
65 29 3 3
29 66 7 3
29 67 2 2
29 68 9 4
29 69 5 3
29 70 10 2
71 29 1 7
72 29 7 7
73 29 13 0
74 29 10 0
29 75 8 6
77 29 3 2
29 79 5 2
29 80 3 6
29 81 16 5
29 82 15 4
29 84 22 4
85 29 6 5
86 29 7 3
87 29 6 3
88 29 7 5
29 89 18 0
90 29 12 3
91 29 6 2
92 29 3 7
29 93 10 4
29 94 4 2
29 95 1 1
29 96 3 7
97 29 12 7
29 98 6 5
99 29 7 7
29 100 6 0
30 31 17 3
30 33 6 7
30 34 1 3
35 30 8 1
30 36 2 4
40 30 11 5
41 30 2 4
30 42 12 3
43 30 11 1
44 30 4 7
45 30 8 4
46 30 24 1
47 30 5 0
30 48 13 2
49 30 6 2
30 50 10 5
30 51 12 4
30 53 5 7
30 54 1 2
30 55 31 5
30 56 1 4
30 57 10 6
30 58 9 1
30 59 3 7
61 30 3 5
30 62 3 7
63 30 4 6
30 66 7 2
67 30 5 3
68 30 3 0
69 30 8 7
70 30 9 3
71 30 15 2
72 30 6 2
30 73 5 0
30 75 17 7
30 78 14 0
80 30 7 5
81 30 1 4
30 82 7 3
30 83 3 7
84 30 20 1
85 30 9 0
86 30 4 6
87 30 5 0
88 30 9 2
89 30 1 4
30 92 13 5
93 30 13 0
30 94 8 0
30 95 9 5
96 30 1 0
97 30 3 5
30 98 9 1
99 30 7 0
30 100 5 1
32 31 2 5
31 33 5 1
31 34 8 6
36 31 11 5
31 38 3 1
31 39 15 0
31 40 2 4
31 41 29 0
42 31 10 1
43 31 1 2
44 31 8 6
31 45 2 6
31 46 7 0
31 47 6 6
31 48 7 4
49 31 5 2
50 31 14 1
31 51 10 7
31 52 3 3
53 31 2 4
54 31 10 7
31 55 1 6
31 56 6 5
57 31 22 4
58 31 6 6
31 60 10 0
31 61 8 5
31 62 3 5
63 31 5 7
64 31 8 6
65 31 9 5
31 66 1 4
31 67 6 7
68 31 2 7
69 31 14 4
31 70 13 5
31 72 5 5
31 73 3 5
74 31 4 0
75 31 2 2
76 31 2 5
31 78 12 1
31 79 3 1
80 31 3 2
81 31 32 0
31 82 8 5
83 31 4 3
84 31 14 5
31 85 10 7
31 86 3 1
31 88 3 7
31 89 9 4
90 31 1 7
91 31 3 3
31 92 6 1
31 93 2 7
31 95 3 3
96 31 6 1
31 99 6 3
33 32 9 3
35 32 4 4
38 32 2 3
32 39 13 1
40 32 3 6
41 32 17 2
32 42 13 7
43 32 16 0
32 44 8 2
45 32 5 2
46 32 5 3
47 32 6 5
48 32 9 6
32 49 16 7
32 51 3 3
32 53 4 6
32 54 2 4
55 32 9 0
32 56 1 7
57 32 11 4
32 58 7 0
32 59 15 7
32 60 8 1
61 32 11 0
62 32 2 3
32 63 3 6
64 32 6 6
32 65 11 0
32 66 17 1
32 68 10 1
32 69 5 4
32 70 5 4
32 71 1 7
32 72 2 7
32 73 1 5
74 32 17 6
32 75 3 4
77 32 2 0
32 78 1 7
79 32 11 1
32 80 11 1
81 32 2 6
82 32 7 6
32 83 4 4
85 32 6 3
32 87 1 1
88 32 6 6
89 32 15 4
32 91 6 5
32 93 6 1
32 96 26 3
32 97 6 4
32 98 6 2
32 99 4 1
32 100 4 2
33 34 9 0
33 35 2 1
36 33 15 7
39 33 7 3
33 40 7 7
33 41 5 6
42 33 5 1
43 33 3 6
33 44 3 3
45 33 2 0
46 33 6 2
33 47 7 4
33 48 1 7
49 33 8 0
33 50 11 2
51 33 6 3
33 52 9 0
33 55 5 0
33 56 2 0
33 57 4 3
58 33 1 3
33 59 5 6
61 33 2 1
62 33 12 5
63 33 5 6
64 33 6 4
33 65 8 0
66 33 3 1
33 67 9 1
33 68 8 1
33 69 2 0
33 70 1 6
72 33 1 2
75 33 8 6
33 76 3 4
78 33 8 0
33 79 2 4
80 33 16 7
33 81 9 6
33 82 1 5
33 83 9 2
33 84 2 3
85 33 12 3
86 33 19 6
87 33 15 1
33 88 11 7
89 33 6 0
90 33 9 6
92 33 11 3
93 33 16 4
94 33 6 4
95 33 7 1
33 96 1 7
97 33 4 4
98 33 12 5
99 33 14 4
33 100 11 5
35 34 4 4
36 34 4 1
39 34 2 2
40 34 5 0
34 41 1 1
42 34 8 6
34 43 1 3
34 45 27 4
46 34 14 1
47 34 8 6
34 48 5 4
50 34 10 7
51 34 18 3
34 52 8 4
34 53 12 7
34 54 4 3
34 56 17 5
57 34 3 0
58 34 13 4
60 34 6 5
34 61 8 6
62 34 13 6
63 34 5 7
34 64 9 0
34 65 10 3
34 66 19 5
34 68 10 2
69 34 13 7
34 70 4 5
34 71 4 1
72 34 20 1
73 34 5 0
74 34 11 1
75 34 10 5
77 34 3 6
78 34 19 6
34 79 9 5
81 34 2 3
82 34 16 7
34 83 12 6
84 34 8 7
85 34 21 0
86 34 12 2
87 34 4 6
34 88 17 3
90 34 2 0
34 91 5 2
92 34 10 5
34 94 13 3
95 34 6 3
34 96 7 0
97 34 7 3
34 98 3 3
34 99 6 6
34 100 1 2
35 37 8 1
39 35 13 7
35 40 5 5
42 35 6 1
35 43 3 4
35 45 16 7
46 35 8 5
49 35 9 6
35 50 10 6
51 35 3 4
52 35 8 3
35 53 34 3
54 35 1 1
35 55 16 1
35 56 8 1
58 35 8 7
35 60 6 5
35 61 7 7
35 62 9 5
63 35 20 1
64 35 7 0
35 65 4 0
66 35 8 1
35 67 12 3
35 68 19 1
35 69 15 4
35 70 1 4
71 35 1 3
72 35 6 0
73 35 3 1
35 74 6 3
75 35 4 7
35 76 2 2
78 35 1 0
35 79 2 7
35 80 7 5
81 35 6 0
82 35 10 7
83 35 7 2
84 35 14 0
35 85 2 6
35 86 7 0
35 87 9 6
35 89 17 2
90 35 16 0
91 35 3 3
35 92 13 0
35 93 4 3
35 94 6 1
95 35 9 1
35 96 2 1
97 35 1 5
35 99 8 3
35 100 5 5
36 37 7 6
36 40 13 2
36 41 9 3
36 42 9 2
43 36 4 5
44 36 1 2
45 36 5 7
46 36 4 0
36 47 10 7
48 36 5 6
36 49 5 0
36 52 8 1
36 53 4 2
55 36 5 4
56 36 7 4
57 36 11 0
36 59 4 7
36 61 4 3
63 36 8 0
36 64 3 3
65 36 14 6
36 66 7 1
67 36 12 6
68 36 5 7
36 69 5 2
70 36 6 2
36 71 1 0
36 73 5 7
74 36 1 0
75 36 7 4
76 36 10 4
36 77 1 6
36 78 7 5
36 79 10 5
36 80 8 0
81 36 1 3
36 82 1 1
36 83 3 1
36 84 6 2
85 36 1 4
36 86 8 7
87 36 11 7
88 36 2 3
89 36 10 5
90 36 4 7
36 91 9 5
92 36 3 5
36 93 10 3
94 36 8 0
36 95 7 5
36 96 6 3
97 36 7 7
36 98 3 5
37 38 10 0
37 39 9 0
37 40 14 0
37 41 12 7
37 42 1 4
43 37 1 1
37 44 9 3
37 47 6 4
37 48 12 3
49 37 12 3
37 52 8 7
37 54 5 4
56 37 2 6
37 57 8 1
37 58 9 0
37 59 4 7
37 60 11 4
37 61 7 5
37 62 5 6
37 63 1 5
37 64 6 7
66 37 7 5
67 37 24 0
68 37 5 1
69 37 4 1
70 37 5 0
71 37 11 2
37 72 10 2
37 74 22 3
76 37 4 7
37 78 19 0
37 79 3 0
80 37 5 1
82 37 11 0
37 83 12 7
37 84 14 6
85 37 2 4
86 37 3 1
87 37 1 3
88 37 5 4
89 37 3 7
90 37 9 0
37 91 6 1
37 92 13 7
93 37 6 1
37 94 10 1
95 37 3 3
37 96 13 1
37 97 2 1
37 98 9 7
37 99 2 4
37 100 10 2
39 38 8 2
38 40 15 3
38 41 2 5
42 38 1 4
38 43 3 5
44 38 8 7
45 38 3 0
46 38 8 6
47 38 3 1
48 38 5 0
38 49 6 6
50 38 8 6
38 51 9 1
52 38 8 2
38 53 4 6
38 54 3 4
55 38 16 6
56 38 2 4
38 57 8 1
58 38 11 0
59 38 6 2
38 60 13 4
61 38 8 7
38 62 6 4
63 38 2 5
64 38 8 4
66 38 10 3
38 67 3 4
68 38 10 2
69 38 5 4
38 70 16 2
38 72 11 4
38 73 5 3
38 74 1 3
38 75 2 5
38 76 5 0
38 77 6 7
38 78 18 1
79 38 16 4
80 38 1 5
38 81 8 4
38 83 1 7
38 84 10 1
38 85 9 3
86 38 1 2
38 87 11 0
38 88 9 5
90 38 7 1
38 91 7 4
38 92 6 4
38 95 3 3
38 96 16 1
38 97 10 6
38 98 7 0
38 100 26 7
40 39 2 5
39 41 8 4
43 39 14 7
44 39 20 4
39 45 1 0
39 46 8 3
39 47 4 1
48 39 5 4
39 50 4 0
39 51 3 0
52 39 6 1
39 57 25 7
39 58 10 0
61 39 4 7
64 39 4 5
65 39 16 4
66 39 6 4
67 39 15 5
68 39 9 4
69 39 5 2
39 70 1 2
39 71 17 5
39 72 12 5
73 39 12 7
74 39 2 2
75 39 11 6
39 76 7 4
77 39 14 5
78 39 9 1
39 79 8 6
80 39 21 1
39 81 14 7
82 39 8 6
39 83 14 3
39 85 11 1
39 86 10 4
39 87 16 1
89 39 9 3
39 90 4 5
91 39 4 5
92 39 9 2
93 39 35 7
39 95 9 5
39 96 9 0
39 97 18 6
98 39 21 0
39 99 7 5
39 100 11 7
40 41 1 0
42 40 9 5
43 40 10 2
40 44 6 1
40 45 3 3
46 40 1 0
47 40 6 4
48 40 3 3
49 40 11 5
50 40 4 6
51 40 16 0
40 52 2 2
40 53 6 0
54 40 7 2
55 40 2 0
59 40 6 6
40 60 7 4
40 61 5 4
62 40 25 2
63 40 7 3
40 64 1 0
67 40 7 0
68 40 4 0
40 70 8 4
71 40 14 3
72 40 12 3
73 40 2 1
74 40 1 6
76 40 1 3
40 77 13 1
78 40 6 6
79 40 2 2
81 40 3 4
40 82 7 2
83 40 1 0
84 40 4 0
86 40 6 1
40 87 2 3
88 40 5 1
40 89 6 1
40 90 9 4
91 40 7 0
92 40 7 4
40 93 19 1
40 95 3 3
40 96 4 0
97 40 17 7
98 40 11 7
40 99 19 6
40 100 6 2
42 41 13 1
43 41 1 3
41 44 7 5
41 45 15 1
46 41 1 4
49 41 9 5
52 41 11 0
53 41 8 5
54 41 8 6
55 41 6 5
41 56 1 1
58 41 7 6
41 60 18 1
41 61 4 1
41 62 3 5
63 41 10 2
64 41 14 3
65 41 11 0
66 41 11 0
67 41 19 0
68 41 6 4
69 41 2 7
70 41 3 1
41 71 3 6
41 72 13 4
73 41 4 1
74 41 3 1
76 41 11 6
77 41 5 5
78 41 8 7
79 41 5 5
80 41 2 5
82 41 8 3
41 83 9 2
41 84 9 6
41 86 5 1
41 87 3 3
41 88 2 0
41 89 20 1
41 90 16 7
41 91 5 5
93 41 6 5
94 41 10 5
41 95 8 3
96 41 8 5
41 97 10 5
41 98 6 3
99 41 3 0
41 100 14 0
42 45 3 5
42 46 4 6
47 42 9 3
48 42 2 7
49 42 5 5
50 42 4 6
51 42 4 5
42 52 2 4
53 42 14 0
54 42 23 4
55 42 13 4
42 56 16 1
42 57 8 2
58 42 18 6
42 59 4 7
60 42 8 3
61 42 14 0
42 62 1 6
63 42 4 0
42 64 5 4
65 42 4 7
42 67 8 3
69 42 13 7
42 70 8 4
71 42 3 3
72 42 4 7
42 73 6 3
74 42 4 1
42 75 10 0
76 42 17 1
77 42 1 4
78 42 1 3
79 42 12 3
80 42 23 7
42 82 16 1
83 42 3 1
84 42 10 3
86 42 7 4
87 42 5 3
88 42 2 2
42 90 9 1
91 42 20 7
92 42 10 3
42 94 4 1
95 42 24 7
96 42 2 1
42 97 6 1
98 42 11 0
42 99 12 2
44 43 2 2
45 43 19 4
46 43 9 3
48 43 6 1
49 43 15 3
50 43 10 4
43 51 1 0
43 52 9 0
43 53 2 3
54 43 2 4
43 55 9 6
43 56 2 4
57 43 3 7
43 58 9 6
43 59 20 5
60 43 1 4
43 61 16 0
43 62 21 2
43 63 2 7
64 43 5 0
43 66 2 3
43 67 1 1
68 43 6 5
69 43 12 4
43 70 7 2
43 71 1 3
72 43 6 0
43 73 3 1
43 74 1 3
75 43 8 7
43 76 4 7
77 43 15 3
43 78 5 3
79 43 17 7
43 80 4 0
81 43 4 0
82 43 6 0
83 43 12 0
84 43 2 3
43 85 9 4
43 86 7 1
43 87 5 5
43 88 12 1
90 43 4 6
43 91 10 3
92 43 1 0
43 94 7 1
95 43 2 6
96 43 4 0
43 97 9 7
98 43 4 6
43 99 9 0
43 100 13 6
44 46 7 7
47 44 5 0
48 44 10 5
44 49 18 1
44 51 17 6
44 52 8 2
53 44 5 6
55 44 8 5
44 56 6 6
57 44 13 4
58 44 22 2
59 44 8 3
44 60 4 2
61 44 6 6
44 62 10 7
44 63 10 1
44 65 10 3
66 44 13 5
68 44 9 2
44 69 5 1
44 70 16 3
44 71 10 4
73 44 5 4
75 44 1 3
44 77 9 0
78 44 1 3
44 79 3 6
80 44 6 4
82 44 1 0
44 83 13 0
84 44 7 4
87 44 9 5
88 44 4 7
89 44 9 6
44 91 18 7
92 44 2 6
93 44 10 1
98 44 4 7
99 44 12 1
44 100 9 6
46 45 9 6
47 45 5 1
45 48 5 1
45 49 6 1
45 50 10 1
51 45 3 2
45 52 7 3
45 53 8 6
55 45 8 1
45 56 7 5
45 57 14 1
45 58 2 1
45 59 5 2
45 60 7 1
45 61 10 5
62 45 8 3
63 45 10 1
45 64 10 2
45 66 4 1
68 45 10 2
69 45 9 6
45 70 5 2
45 72 8 6
73 45 15 4
74 45 1 6
75 45 8 2
76 45 5 5
78 45 9 2
80 45 3 6
45 82 6 2
83 45 10 2
45 84 7 4
85 45 10 5
86 45 2 3
87 45 3 2
45 88 7 3
45 89 16 4
45 90 8 3
91 45 7 1
92 45 10 7
45 93 3 5
94 45 7 7
95 45 9 7
45 96 6 6
97 45 1 4
45 98 12 0
99 45 22 3
47 46 8 0
46 48 8 6
46 49 6 3
46 50 1 4
51 46 4 5
46 52 6 6
46 53 10 3
46 54 16 4
55 46 7 4
56 46 6 3
57 46 3 1
58 46 4 1
46 59 2 4
46 60 1 1
61 46 21 5
62 46 11 1
63 46 9 6
46 64 3 2
46 65 3 7
66 46 8 2
46 67 15 6
68 46 8 1
46 69 44 5
46 70 1 7
73 46 3 4
46 74 10 6
75 46 3 1
46 76 5 7
77 46 7 5
78 46 9 1
46 80 2 4
46 82 3 6
46 84 8 3
85 46 2 0
46 86 5 1
87 46 10 6
88 46 6 1
89 46 4 4
46 90 1 0
92 46 7 4
46 94 2 4
95 46 9 0
46 96 9 6
46 97 11 5
46 99 3 2
46 100 1 6
47 48 14 1
49 47 1 0
50 47 6 4
51 47 11 7
53 47 2 3
47 54 17 1
47 55 2 5
56 47 9 3
47 57 11 6
47 58 2 7
47 59 9 0
60 47 4 2
47 61 22 4
62 47 9 6
47 63 12 7
47 64 16 4
65 47 5 1
47 67 8 2
68 47 4 4
69 47 7 4
47 70 13 5
71 47 7 7
72 47 1 0
73 47 7 5
74 47 11 5
75 47 5 7
47 76 11 6
47 77 6 0
78 47 1 5
47 79 9 6
80 47 8 3
82 47 6 2
83 47 4 1
47 85 8 4
86 47 2 4
47 87 13 5
47 88 3 2
89 47 4 0
47 90 11 4
47 91 19 0
92 47 5 1
93 47 21 4
47 94 20 7
95 47 9 5
96 47 9 6
47 97 20 7
47 99 9 4
47 100 8 7
48 49 6 4
48 50 1 4
48 51 15 4
48 52 3 5
53 48 5 5
48 54 6 2
48 55 5 7
48 57 10 0
48 59 4 2
48 61 6 0
48 63 10 6
48 64 6 1
65 48 14 1
48 66 13 0
48 67 6 3
48 68 13 6
69 48 8 4
48 70 1 6
71 48 14 7
48 73 11 2
48 74 1 1
75 48 17 4
77 48 5 1
78 48 7 7
79 48 19 0
80 48 10 2
81 48 8 5
82 48 1 1
48 83 2 2
84 48 13 3
85 48 11 1
86 48 15 1
87 48 4 3
48 88 15 0
48 89 2 2
48 90 6 7
48 91 1 7
48 92 1 5
93 48 6 2
48 94 12 7
95 48 7 4
96 48 15 2
48 97 3 3
48 98 3 7
99 48 9 0
48 100 8 0
50 49 2 3
49 52 12 2
49 53 5 0
54 49 6 0
55 49 1 2
56 49 5 2
49 57 7 0
59 49 13 2
49 60 4 0
49 61 5 2
49 62 16 1
63 49 2 0
64 49 14 1
49 65 17 5
49 66 7 6
67 49 19 6
49 69 6 4
70 49 7 1
49 71 1 7
72 49 1 7
73 49 9 4
49 74 10 2
75 49 3 7
49 76 1 3
49 77 8 1
79 49 23 6
49 80 1 6
49 81 1 7
49 82 8 0
49 83 11 5
84 49 17 3
49 85 6 6
49 86 18 0
87 49 3 2
88 49 12 7
89 49 3 0
90 49 3 3
91 49 11 3
92 49 21 1
49 93 7 7
94 49 7 2
95 49 6 6
49 97 7 6
49 98 19 4
49 100 20 6
52 50 5 6
53 50 1 7
54 50 9 0
55 50 5 7
56 50 9 3
50 59 17 6
50 60 5 7
50 62 20 6
50 63 2 2
64 50 16 6
65 50 13 5
66 50 22 4
67 50 11 0
68 50 13 1
69 50 10 7
70 50 6 1
50 71 5 4
72 50 9 6
50 73 1 7
50 74 10 5
75 50 21 2
76 50 2 1
78 50 9 6
79 50 4 7
80 50 14 3
81 50 6 3
82 50 3 4
83 50 4 2
50 84 6 3
50 85 2 0
86 50 13 7
87 50 2 0
50 88 4 5
89 50 11 7
90 50 2 6
92 50 13 7
93 50 11 5
94 50 15 1
95 50 6 4
96 50 9 7
97 50 3 7
98 50 2 1
99 50 5 4
50 100 3 7
51 53 7 0
51 54 4 3
51 55 1 0
51 56 15 0
57 51 1 6
58 51 6 4
59 51 34 3
51 60 1 1
61 51 6 1
62 51 7 3
63 51 2 0
51 64 10 1
51 65 6 6
51 67 6 7
71 51 20 5
51 73 4 1
74 51 5 0
75 51 2 3
76 51 14 7
51 78 1 1
51 79 26 7
80 51 1 1
81 51 15 5
82 51 4 2
51 83 2 6
51 85 2 1
86 51 9 2
51 89 8 5
90 51 6 3
91 51 8 6
92 51 7 5
51 93 10 3
94 51 13 7
95 51 4 3
51 97 22 7
98 51 10 5
99 51 9 3
52 53 3 6
52 54 6 3
55 52 16 5
52 56 4 6
52 58 9 3
59 52 1 1
52 60 6 6
61 52 1 4
52 62 15 4
52 63 8 3
52 64 5 0
66 52 19 6
67 52 12 5
68 52 1 6
52 69 10 4
52 70 8 6
52 71 9 1
52 74 4 2
75 52 7 2
52 76 9 0
52 77 9 2
78 52 4 2
52 79 12 0
80 52 8 3
52 81 4 6
82 52 12 5
52 83 1 5
52 84 8 0
85 52 17 4
52 86 11 6
87 52 1 5
52 88 4 3
90 52 2 0
52 91 3 7
52 92 3 4
94 52 5 2
95 52 1 1
52 97 1 0
52 98 4 6
52 99 18 3
52 100 9 7
55 53 8 7
53 56 1 1
53 57 3 1
53 58 2 2
53 60 1 1
53 61 1 3
62 53 1 3
63 53 3 7
65 53 7 1
66 53 29 6
53 67 6 5
69 53 4 6
70 53 8 1
53 71 14 7
53 72 6 3
73 53 13 7
74 53 2 6
53 75 21 0
76 53 5 4
77 53 4 6
53 78 2 1
79 53 2 6
80 53 9 5
53 81 1 6
82 53 5 6
53 83 12 5
53 84 21 4
85 53 10 1
86 53 12 1
53 87 2 0
88 53 6 3
89 53 3 5
91 53 9 7
92 53 11 7
93 53 18 6
53 94 12 1
53 95 4 7
96 53 13 1
53 97 2 1
98 53 10 2
53 99 8 5
53 100 6 2
54 55 1 0
54 56 7 7
59 54 12 4
60 54 15 3
54 61 1 4
54 62 6 2
54 63 10 3
65 54 12 1
54 66 6 1
67 54 4 1
68 54 10 1
54 69 7 4
54 70 18 1
71 54 16 5
54 72 1 6
73 54 2 7
74 54 11 1
54 75 3 7
54 76 23 0
54 77 5 6
54 78 7 3
54 79 14 7
80 54 1 5
54 81 3 0
82 54 9 7
84 54 13 5
54 85 12 4
54 86 10 6
87 54 4 7
54 88 7 1
89 54 9 1
54 90 11 5
54 91 7 5
92 54 8 4
93 54 1 7
94 54 1 4
54 95 11 1
54 98 2 0
54 100 13 7
56 55 5 5
57 55 11 2
59 55 1 3
60 55 9 2
61 55 16 2
55 62 23 6
63 55 3 7
55 64 3 3
55 65 11 0
55 66 10 5
67 55 7 7
68 55 10 2
55 70 9 6
55 71 2 1
55 72 5 2
73 55 1 2
55 75 5 2
76 55 10 1
55 78 1 5
79 55 5 7
80 55 8 5
81 55 5 5
55 82 2 6
55 83 4 5
55 84 4 2
85 55 9 4
86 55 7 1
87 55 2 7
88 55 1 5
89 55 3 6
91 55 12 4
55 92 8 0
93 55 1 3
55 94 2 2
55 96 15 6
97 55 8 0
55 98 4 4
99 55 2 0
55 100 8 3
57 56 5 0
56 58 4 7
56 59 11 4
56 61 8 1
56 62 2 6
63 56 10 2
64 56 8 1
56 65 1 6
66 56 3 5
56 67 13 1
69 56 8 5
71 56 2 3
56 72 22 7
74 56 7 5
56 75 15 0
56 76 7 4
56 77 3 4
78 56 8 3
79 56 9 4
56 80 9 3
81 56 13 6
56 82 12 0
83 56 2 6
84 56 11 4
56 85 6 5
86 56 9 2
56 87 5 4
56 88 7 7
89 56 21 4
90 56 2 6
91 56 1 0
56 92 6 7
56 93 1 4
94 56 4 0
56 95 4 0
96 56 1 5
97 56 8 4
56 98 5 2
56 99 1 0
56 100 5 1
58 57 11 6
57 60 10 5
57 61 2 2
57 63 10 1
64 57 3 5
65 57 9 3
57 66 4 7
68 57 9 7
69 57 7 0
71 57 1 6
57 72 8 1
73 57 9 7
57 74 10 4
57 75 7 3
57 76 6 4
57 77 6 5
79 57 12 6
57 80 6 2
81 57 7 4
82 57 10 5
57 83 17 0
84 57 8 4
57 85 6 7
86 57 6 0
57 87 6 7
88 57 13 5
57 89 21 6
90 57 2 5
57 91 8 3
92 57 1 0
57 93 8 0
57 94 10 7
57 95 7 6
57 96 10 1
57 97 3 6
98 57 3 7
57 99 9 6
59 58 2 5
60 58 10 4
61 58 3 4
58 63 2 5
65 58 6 0
58 66 4 3
67 58 2 4
68 58 10 0
58 69 9 0
70 58 3 6
58 71 17 2
72 58 6 2
58 73 10 3
58 74 6 6
75 58 12 7
58 77 9 1
58 78 3 5
79 58 13 3
58 80 7 6
58 81 1 1
82 58 3 7
83 58 1 2
84 58 3 6
58 85 1 5
86 58 7 0
58 87 2 3
58 89 18 1
91 58 9 3
58 92 2 1
58 93 10 0
94 58 20 7
95 58 2 2
96 58 7 5
58 97 9 4
98 58 7 3
99 58 3 5
58 100 3 3
59 61 2 7
59 62 3 7
59 63 6 1
59 64 9 0
65 59 13 4
66 59 2 2
67 59 10 3
69 59 13 1
59 70 1 0
71 59 8 7
72 59 6 3
59 74 6 3
59 75 16 5
59 76 11 6
59 77 8 2
78 59 2 3
59 80 6 1
81 59 1 5
59 82 16 5
59 83 8 0
85 59 7 2
86 59 6 4
59 87 3 5
88 59 6 0
90 59 18 4
91 59 30 4
93 59 2 5
94 59 8 3
59 95 16 2
96 59 4 1
97 59 2 5
98 59 1 4
59 99 18 0
59 100 20 6
61 60 6 7
63 60 11 3
64 60 1 2
60 65 18 3
60 66 3 4
67 60 1 4
60 68 13 6
69 60 24 4
70 60 15 3
73 60 9 2
74 60 1 3
60 75 3 3
76 60 18 4
77 60 16 6
78 60 15 7
60 79 3 1
80 60 1 2
81 60 16 0
82 60 5 1
60 84 10 0
85 60 1 6
60 86 8 0
60 87 14 4
60 88 2 3
60 89 10 1
60 90 3 6
60 91 6 3
60 92 2 1
60 93 13 3
94 60 17 0
95 60 4 0
97 60 12 0
60 98 9 3
99 60 6 2
60 100 10 1
61 63 12 3
61 64 3 4
61 65 1 7
61 66 9 6
61 69 2 7
71 61 5 1
72 61 12 5
74 61 10 1
76 61 3 0
61 77 5 7
78 61 7 5
61 79 17 7
80 61 10 6
81 61 38 0
82 61 5 6
61 83 10 1
84 61 10 1
61 85 2 6
61 86 8 2
61 87 8 1
61 88 7 2
61 90 1 0
61 91 10 6
92 61 5 7
93 61 9 0
94 61 5 6
61 95 4 5
98 61 3 3
99 61 12 6
61 100 1 7
64 62 5 4
65 62 8 4
62 66 13 4
62 67 13 5
68 62 5 5
62 69 6 5
62 70 2 7
71 62 5 5
72 62 8 3
62 73 2 5
62 75 5 7
62 77 10 3
78 62 19 4
62 79 5 3
62 81 11 3
62 82 8 7
85 62 11 2
62 86 1 2
62 87 1 7
88 62 10 5
62 89 15 1
62 90 4 1
62 91 2 5
92 62 3 0
93 62 14 6
62 94 2 5
95 62 9 5
96 62 12 6
62 97 2 0
98 62 13 2
62 99 12 1
62 100 2 0
64 63 3 0
63 65 9 4
66 63 4 3
67 63 14 5
63 68 3 3
69 63 3 2
70 63 5 5
71 63 1 1
63 72 8 6
73 63 1 5
63 74 1 5
63 76 7 0
63 77 30 2
63 78 2 5
80 63 7 2
63 81 7 0
63 82 3 7
63 83 14 4
63 84 3 6
63 85 6 3
63 86 3 1
63 87 4 2
63 88 13 2
63 89 7 7
90 63 8 4
63 91 3 5
63 92 4 0
93 63 10 1
63 94 3 5
63 96 9 1
63 97 5 5
63 98 4 7
99 63 2 4
63 100 1 3
64 65 1 5
67 64 1 0
64 68 8 4
64 69 15 1
64 70 1 2
71 64 2 5
64 72 6 5
73 64 14 2
74 64 5 3
64 75 3 0
64 77 8 4
64 78 7 2
64 79 9 2
64 80 1 3
82 64 1 2
64 83 4 3
64 84 5 4
64 86 4 0
87 64 7 3
88 64 10 2
89 64 1 5
90 64 12 3
64 91 1 7
92 64 3 5
64 93 4 4
64 94 3 7
95 64 2 0
64 96 13 7
97 64 2 6
64 98 9 0
99 64 2 4
64 100 12 4
65 66 16 1
67 65 7 6
68 65 7 2
65 69 3 1
70 65 6 7
65 71 5 0
65 72 3 4
65 74 12 1
75 65 4 1
65 76 14 4
77 65 6 5
65 79 3 0
80 65 16 3
65 81 9 3
82 65 10 6
65 83 2 2
65 84 2 6
65 85 4 2
86 65 12 0
88 65 8 0
65 89 10 4
90 65 13 5
65 91 1 6
92 65 19 0
94 65 13 6
65 95 4 6
96 65 7 1
97 65 6 4
65 98 4 3
65 100 8 4
67 66 3 7
66 68 9 6
69 66 13 2
66 72 9 5
66 73 12 5
66 74 1 4
75 66 7 6
66 76 4 5
77 66 5 2
66 78 9 0
79 66 1 2
81 66 4 6
82 66 15 5
84 66 4 0
85 66 9 6
86 66 3 7
66 87 3 5
66 88 19 2
66 89 7 5
90 66 1 1
91 66 1 5
92 66 8 2
66 93 10 0
94 66 7 6
95 66 11 2
66 98 18 1
66 99 11 3
66 100 2 1
67 69 18 0
67 71 4 7
67 72 12 7
73 67 11 3
74 67 13 2
67 75 10 5
76 67 9 4
67 79 16 3
67 80 6 5
67 81 5 4
67 82 9 0
67 83 1 2
84 67 1 3
67 85 11 2
86 67 7 1
67 87 10 0
67 88 2 0
67 89 9 2
67 90 13 2
67 91 2 4
92 67 5 7
93 67 2 0
67 94 14 4
67 95 10 6
67 96 18 6
67 97 1 0
98 67 3 2
99 67 5 5
67 100 8 1
68 69 8 6
70 68 7 0
68 71 12 0
73 68 9 0
74 68 5 6
75 68 5 7
76 68 3 1
68 77 4 6
68 78 17 0
68 79 11 2
80 68 6 0
68 81 7 7
83 68 2 7
68 84 4 1
68 85 5 4
68 86 12 2
87 68 3 3
88 68 8 7
89 68 9 4
68 90 21 6
68 91 8 3
93 68 17 7
94 68 1 4
68 95 5 5
96 68 11 2
68 98 6 4
99 68 9 1
68 100 8 0
69 70 5 4
71 69 8 1
72 69 3 7
73 69 2 3
74 69 6 4
75 69 3 1
77 69 5 6
78 69 7 7
79 69 4 5
69 80 16 1
81 69 9 7
82 69 7 5
69 83 15 6
85 69 1 1
87 69 11 7
88 69 1 1
69 89 4 6
90 69 1 7
92 69 9 0
69 93 10 7
94 69 5 2
95 69 26 3
69 96 6 7
97 69 9 7
69 98 10 6
99 69 9 1
69 100 3 7
71 70 10 7
70 72 2 7
70 73 11 5
70 74 22 5
70 75 1 1
70 76 1 5
77 70 8 7
70 78 5 6
70 79 12 2
80 70 8 1
70 81 23 6
70 82 4 5
70 83 13 3
85 70 10 0
86 70 2 2
70 87 11 3
89 70 3 2
70 90 6 5
70 91 4 7
70 94 3 5
70 95 7 6
96 70 8 5
70 97 19 2
98 70 11 2
70 100 7 3
72 71 4 1
71 73 22 3
74 71 13 2
71 75 2 6
76 71 20 3
77 71 10 3
71 79 13 4
80 71 16 5
71 81 10 6
82 71 7 3
71 84 9 0
71 85 8 3
71 86 7 1
71 87 1 7
71 88 12 1
71 89 5 7
90 71 4 7
71 91 6 5
71 92 14 0
93 71 8 4
94 71 11 0
71 95 8 7
96 71 17 2
97 71 1 1
98 71 6 0
99 71 8 3
71 100 6 4
73 72 20 0
72 74 14 2
75 72 1 0
72 77 1 6
79 72 11 3
80 72 4 7
81 72 4 7
72 82 4 0
72 83 5 1
84 72 3 3
85 72 9 5
86 72 1 3
87 72 3 2
88 72 1 7
89 72 12 7
91 72 2 4
72 92 11 7
93 72 14 3
94 72 5 3
95 72 5 1
97 72 2 1
72 98 8 6
99 72 18 4
72 100 10 5
73 75 13 6
76 73 4 7
78 73 26 5
73 79 6 7
80 73 3 4
73 81 1 6
82 73 13 0
73 83 7 6
73 84 9 2
73 85 15 3
73 86 6 5
73 87 16 1
73 89 2 1
73 90 3 5
73 91 8 2
94 73 2 5
73 95 7 5
73 96 8 2
97 73 12 4
98 73 18 3
99 73 8 3
73 100 6 0
74 75 6 5
74 76 17 3
77 74 5 4
79 74 13 4
80 74 11 7
74 82 14 0
74 83 12 1
84 74 10 2
74 85 12 2
74 86 10 7
87 74 9 1
88 74 17 4
74 90 9 2
91 74 2 3
74 93 8 1
94 74 22 2
74 95 8 6
96 74 6 6
74 97 15 0
74 98 10 7
74 99 6 1
74 100 9 2
76 75 10 4
75 77 6 5
78 75 1 1
75 79 2 2
80 75 8 1
81 75 10 5
75 82 11 4
84 75 1 0
75 85 17 5
86 75 8 0
87 75 5 4
89 75 10 1
75 90 2 1
75 91 7 3
75 93 12 4
94 75 19 3
95 75 3 2
75 96 4 1
75 97 10 7
75 98 12 7
75 99 1 1
76 77 2 0
76 79 16 3
76 81 7 3
82 76 8 2
83 76 8 2
76 85 2 2
86 76 3 7
76 88 4 6
76 89 33 7
76 90 10 1
91 76 7 0
92 76 18 4
76 95 8 1
96 76 10 7
97 76 9 0
76 99 5 4
77 80 4 6
81 77 2 3
77 82 3 1
77 83 9 2
77 84 3 0
77 85 9 0
77 87 5 2
77 88 8 2
77 89 7 2
77 90 15 6
91 77 6 5
92 77 7 0
93 77 1 6
77 94 6 7
77 96 17 2
97 77 2 0
77 98 5 6
77 100 4 7
79 78 4 7
80 78 3 7
78 81 7 5
83 78 15 1
84 78 4 1
78 85 6 3
86 78 10 6
78 87 2 0
78 88 6 6
89 78 6 7
78 90 6 1
92 78 5 5
93 78 4 5
94 78 13 4
78 95 5 6
96 78 4 1
97 78 13 6
99 78 5 3
78 100 19 4
80 79 4 7
79 81 5 1
82 79 4 6
83 79 12 0
85 79 6 0
79 86 7 2
87 79 8 0
79 89 2 5
90 79 3 4
91 79 9 2
92 79 1 0
93 79 9 2
79 95 11 2
96 79 13 7
97 79 12 7
98 79 10 0
99 79 7 5
79 100 16 3
80 81 2 2
82 80 8 4
83 80 10 6
80 84 1 6
80 85 2 7
80 86 3 4
80 87 1 2
88 80 12 2
80 89 3 5
80 91 6 5
80 92 2 0
80 93 4 3
80 94 12 4
80 95 4 2
80 96 16 0
97 80 8 7
98 80 18 2
99 80 3 2
80 100 5 7
82 81 3 2
81 83 5 3
81 84 4 1
81 85 1 2
89 81 8 2
90 81 1 5
81 91 8 1
92 81 4 3
81 94 4 0
81 97 2 2
81 98 7 0
81 99 16 3
81 100 5 5
82 83 10 7
84 82 7 2
85 82 10 1
86 82 10 3
87 82 2 1
82 88 1 6
82 89 11 2
82 90 5 3
91 82 22 3
92 82 2 3
82 93 6 5
82 94 11 3
95 82 15 6
97 82 6 2
98 82 25 6
99 82 10 2
82 100 6 1
83 84 1 5
85 83 10 0
87 83 9 5
83 88 6 0
89 83 1 2
83 90 13 6
83 91 10 2
92 83 5 4
83 93 1 3
94 83 12 1
95 83 8 5
83 96 9 5
83 97 9 5
99 83 7 0
83 100 1 1
86 84 10 0
87 84 6 0
88 84 2 4
84 89 7 6
92 84 3 4
84 93 6 5
94 84 3 1
95 84 3 5
84 96 8 0
84 97 2 2
84 98 8 5
99 84 2 1
84 100 3 5
86 85 10 0
87 85 4 3
88 85 6 2
89 85 30 3
91 85 14 1
85 92 8 1
85 93 3 5
85 94 17 4
85 95 4 1
85 96 1 0
97 85 11 5
85 98 14 0
85 99 1 5
85 100 6 7
86 88 2 6
86 90 10 0
86 91 3 5
93 86 7 3
86 94 3 6
86 95 9 3
96 86 14 1
86 97 5 7
86 98 12 0
99 86 5 5
86 100 10 5
88 87 14 5
87 89 2 6
91 87 11 3
87 92 9 2
87 93 5 6
94 87 17 1
95 87 11 3
87 96 3 7
87 97 26 6
87 98 6 1
87 99 11 3
87 100 10 7
88 89 8 7
91 88 1 4
88 92 3 1
88 93 12 1
88 94 5 1
95 88 1 1
96 88 14 5
88 97 6 2
99 88 8 6
88 100 12 0
89 90 5 1
89 91 4 4
89 92 5 7
89 93 1 6
89 94 2 2
95 89 9 3
89 96 12 4
89 97 6 7
98 89 1 1
89 99 15 7
89 100 25 1
90 91 4 6
92 90 9 3
90 94 6 3
95 90 9 4
90 96 3 5
90 97 1 3
90 98 4 6
90 99 4 0
90 100 7 2
92 91 9 6
93 91 19 7
94 91 3 1
95 91 4 1
91 96 6 5
97 91 1 3
91 98 12 1
91 100 14 4
94 92 3 4
92 95 1 2
96 92 5 2
98 92 12 6
92 99 20 4
92 100 8 6
95 93 1 4
93 97 11 7
93 98 10 1
99 93 2 3
93 100 8 5
94 95 9 4
94 97 8 0
98 94 4 1
99 94 6 1
94 100 1 3
96 95 9 1
95 97 12 6
98 95 6 7
95 99 2 5
95 100 7 3
97 96 5 4
96 98 15 3
96 99 3 1
96 100 11 0
97 98 1 3
97 99 5 5
97 100 4 4
98 99 6 6
98 100 13 7
99 100 11 7
